y=2*x^2
y=3*x^2
y=1.5*x^2
y=1.74108*x^1.70134
