y=1.14286+1.25x
y=0+2x
y=1+2x
y=8.71429+0.445238x
